130510379
122295983
39064457
98397267
3698933
115686943
56251075
23608495
41746501
82974385
119457977
19310675
137054439
131436999
3141759
55795829
24683645
5337547
126680865
62987649
84885473
9316889
125399457
775503
15726197
43049625
104958133
93942495
93735343
86865601
18630053
89171737
134771379
67049223
99404717
129854185
60839679
97085339
127467165
15670933
21530611
29985319
124996543
120657113
110642831
95826807
82681521
93228029
55044427
3975369
79462061
6735991
56909615
114526685
54176531
66356043
132035897
74978739
96170083
74612555
132148529
92163383
72145265
139932605
28071247
140235373
16704161
127804647
26387
60026983
141400599
86347153
46908325
140415113
79450955
50166421
14005239
68334799
70571131
40305269
74855789
116598105
103833139
77344271
98198263
68526003
67340081
21375329
83344235
65674371
74175915
24442285
115125139
81172821
19702481
113859617
57800707
54273201
23261329
42078079
34732027
132170685
119964741
30208001
57373521
121373153
17947325
80544373
51105003
8059635
7853559
10230303
119047839
79919319
134145977
126364241
9453479
130938511
102448467
67014035
91161755
135390289
48984221
28436617
90458593
40529171
129786413
118684603
130408387
56341335
136979767
91306041
129400751
97706069
122598441
100868999
135397703
23801505
11562943
108141015
83630759
79992987
13898351
57364209
29424613
26097441
3992063
31761453
121479529
73004957
29989887
62536467
98931677
128012789
114847157
55044439
92916433
117240605
104058447
24257639
69020663
129142641
55757691
46708891
96009677
96078661
11865951
32786625
98525773
124704325
47901229
37739091
83134475
123011951
111671031
136531331
14543235
66617357
11092441
88599443
7310791
108098323
59002905
45590215
74877169
36982075
116012165
135482633
71601913
30351655
96457847
70405749
65957593
23869885
107823113
49038615
48364969
117782411
80846081
28679217
29826271
51681753
128913351
46519437
35472301
38540285
43761715
85673691
42153257
65142129
73003925
129344039
36865105
140652979
117290407
37572931
65877531
121664965
74338259
17659153
113358455
80114009
41006375
31029275
121536493
41087749
97011521
22491653
134650005
72550719
39546205
15329269
121699355
84464473
129040053
31500649
142275451
95929211
21254175
58645657
70462121
39672201
140627003
14003533
74048551
110568253
127109245
79296397
101560451
100121993
27590539
5994905
121809947
76223173
96858235
35443815
109774549
116890141
51012819
21247565
134220269
93627323
88474525
70344635
84289257
49713633
30917061
9292113
97147189
63468317
57655053
61893143
98414251
53625887
102801463
77492069
83027419
114042715
138164997
109765467
3307621
52756359
134219385
141447259
20109601
69402143
56288581
65451611
71565087
105801095
42831101
69533389
131039513
122175371
46631551
84364487
10367585
57427905
100211253
39835047
34110349
134748103
6394021
102270749
118866997
94004833
107984011
18409817
89125637
62755405
132844793
27451365
37670747
24686783
78270627
15664339
43658795
54887951
128450989
57502625
93004451
13463423
129339033
8240167
138016049
19210173
138146745
38233729
92800891
26147063
116129133
96892523
99312229
21939593
118820315
119393035
73074345
89304647
65760015
88662651
50000691
20967363
136819121
37744087
91935841
7778659
94738161
97501813
73452287
18332521
94004589
104063221
131522851
19501311
89118689
17710971
86507373
10346649
9753881
123551509
1150973
19227693
98844797
94446087
79128385
35914771
35970051
65046403
88897987
43949653
111852135
53147615
139647187
100671817
26817415
66784393
63990217
139619781
20804743
100123901
111839459
116795047
31105403
102395793
11305165
133822673
75709177
55123407
17564529
136911335
109096919
10157779
84457141
99091969
118131419
99167329
103746925
77898505
82268665
35776755
139595515
121915847
93117847
13684429
120110525
96311557
23460455
132755307
126468853
30590071
56939791
140532707
99045281
65743039
85012899
142256827
121438437
130358713
28898231
94733093
79410107
141765995
33422623
12427447
99268295
52254959
47072849
78554573
93519145
25062699
28220309
117964331
133862997
79815685
50040065
70740529
40117545
53769637
136756933
52888059
134269715
14621373
2175257
15583629
53720171
50841581
67229559
82540757
127037683
137783747
138092589
4820399
51280697
80642173
47256787
81291921
32971443
23215863
80969827
119996981
85502457
56725129
122993229
24254493
62193245
6532211
100983531
68378407
15406703
26559489
77115997
129110409
93276951
25717921
91367697
36137643
96630897
58750301
30101661
88203343
63221383
63290671
41186061
76865901
23278673
120632475
107383857
38045333
135532865
73189589
102798195
102224389
133639487
59708729
85897147
109610189
133355153
117313897
80058743
27791843
95638277
60585719
67867907
125481235
137539535
140078439
122830827
87939187
51599403
31139995
90663289
77052277
106316375
52020989
69111907
67119045
11949909
30321371
51520877
92929705
5356055
137694695
41884131
65913125
25922721
5491763
95237053
49859183
84452227
129287819
17081891
87128413
138013417
92874901
74136681
90745893
4032917
129357375
27353453
72283489
61975149
71371805
46565603
57462175
131015715
10483107
7800927
42668783
131483839
106548173
87742143
47165749
68173495
126492441
43603183
90614963
58358437
74970085
138742519
42479905
14719171
103076951
34762461
14939571
38422233
70605543
104569627
113776355
73023231
83572187
36889023
88612457
136554369
97978293
47098419
41981649
133511749
94609243
42707839
114706769
56475973
105479565
3093941
53153019
73454063
141383149
97444063
42419029
50718931
60377707
138095709
24365269
24235323
42034315
100118109
50218137
83981399
89483631
113648469
31956493
109693723
13226043
56471183
18606677
51449223
58829137
53594219
104408161
103786219
18467469
133222849
114376433
48851567
13290707
106453091
45340299
88613261
40953565
84519063
103348235
73036077
32223085
38289321
31818591
46085025
79045845
47588619
566503
53290061
99607331
23537197
4541749
90054029
117041197
71250427
110273573
22622573
17229069
8938769
34059335
52925295
114519437
108401817
95491401
41727067
66615103
61827023
75077919
32956687
132026019
37811141
105640157
136441461
18390559
47765139
116165467
23155555
127142829
23039277
75051255
120736643
105223769
123724859
4956289
25540101
4133765
100850553
39557593
27634643
74778205
113198645
30521925
44470215
136880997
117665621
73152845
40263805
15350207
117772981
46256871
116698835
140642813
53478893
4535391
114532307
13795445
77696811
54272465
70208029
139858355
112862187
11556097
94229
38345511
47064039
90380507
61825877
96965449
9290379
126914487
16988367
120342335
22205125
135602205
58941471
86047715
55855559
84736609
122114613
134997569
3897295
49047475
56896439
137563579
80816405
57340837
115113835
72643009
89224765
76378105
33010377
22058897
51141693
40897227
19612455
67265835
133943811
34954247
114191013
135088957
26015099
8025851
116121243
32805029
134865815
49800023
125434111
91670219
105444795
1621755
62508603
87018079
11649799
91992859
139902541
93724373
88002749
133774711
62570889
32087695
142239947
139675631
91239639
123645959
132281655
4022779
96498649
86188383
15645179
35191963
80563465
63826923
45301783
14240921
24761175
45492547
62897849
39324011
128590075
87028939
31050295
129727797
51729147
140576897
69514641
39195863
52285529
84230387
93030259
68844305
137014127
111433309
87673307
123051041
197683
39353013
110587533
23653993
115459287
27754507
103868567
98225643
45706669
33529445
102412125
77125519
55607871
115296017
76347093
9750127
108261541
132585019
35528401
49372593
129496011
122669277
134873571
41647659
63009203
129673397
106540425
14482179
26494493
45576235
98400529
121309251
18738179
133135341
38134363
96772411
78267093
107467585
117650849
90543563
48211699
40292101
43308699
27656305
8005715
44501095
97559091
33428239
79563431
31988961
113578043
81958723
4663723
18622613
33304407
45417987
65832067
47089215
55716631
100729115
29421881
63366375
116804165
39890961
29009447
70940823
84698517
138922487
59606471
120292781
66704497
42647303
93337207
52093889
20817999
28662035
82129403
60450411
118681915
74937385
100109697
127124601
79818159
895057
124792857
65772163
63767911
100330951
57153289
113604075
54012363
29807753
4093261
5371739
96873297
131984177
84317707
136703879
104829555
41222445
86696413
38575987
104004233
29690879
36662207
18559921
124467675
12856185
111401365
111663507
70946609
103483249
139623705
49869179
16753405
19280323
2326187
129551461
18887129
30249067
20792559
15844903
27966277
71730317
95835687
82179649
110616305
23407951
59217905
75108229
82605169
75899871
75768407
115958361
33251025
66440383
13263417
54881161
95812245
68387929
24610499
66966125
104424287
2185749
106739085
106176747
86988947
75075035
54417515
103430373
85417903
60918167
132886071
131992303
123260003
4236919
36390183
45130235
68770347
82994087
132974967
129395437
96119987
93924125
67233149
35579629
16405793
76024297
3811351
112223855
6658587
129995575
77369357
64543391
111674635
65664051
61940377
32557903
91020875
77344631
47029239
114653969
38202659
39219419
55038777
112638739
64400949
50054983
120042135
47109851
13797057
3338859
96878153
24109735
63025151
6487303
18974569
105151047
121285385
20414847
17975989
125576715
114804443
119089995
30564925
57984581
89004747
5257799
49431147
136985187
104928151
62003523
30392249
69129627
51894915
43470781
91319969
40556391
114307689
14535701
104832109
125335271
17837133
39928265
36654861
33102329
33863159
7072567
56157435
11740537
129404913
139203533
15087487
68668455
50209225
124388199
71568033
62314051
82335967
23687611
96118683
68949527
132739445
108129165
138527519
105453271
59823197
81330003
52849177
3299987
55375323
22636337
25297369
126350893
9282285
140691025
52868031
27214119
103771521
104105139
22902907
121327909
49783835
79263163
126415891
45753083
128850095
99558529
64377909
63346271
58459477
34758875
64377287
4874977
94201679
62404589
55758893
62890963
89659525
132765957
137795797
127440091
22750465
13619091
122314685
109094383
35078455
31407879
51626765
31908121
42768579
54815671
140056749
134946871
127608403
55611857
91869805
72837591
138404673
65489563
116809123
113157549
24259453
43872149
136563727
95917091
138814561
71420033
114269545
88463867
87920153
108178619
4723143
41825741
115153559
68460359
11182243
139986285
92277537
41014541
79525847
22983429
113109611
140285163
120873097
1924963
55455805
7599083
86083125
41312285
14613967
116558229
27598641
78070979
39876859
84100719
134781463
109911837
21026507
116761167
112190175
49128257
62696501
10382399
122288223
103480609
126148299
50322649
100370999
92987013
28244623
45412783
97973309
134312413
3504195
12645053
15352623
41215053
87821833
13069129
38662545
41711301
20562437
13294743
62805449
106720945
62941187
65436645
138782797
97392683
25005623
78441165
127412695
135665567
60000345
50520463
85714947
94705061
76992173
7058199
91512195
24642319
86202499
4404065
137600885
130917761
141741585
36655481
95533947
131613499
10969949
101501819
66987325
77336107
54624431
23388537
76876475
94559765
122300831
83389839
29868695
134552307
18229489
117302061
102340795
72225939
64008449
22751609
109743481
47231873
112476147
79164893
26600561
109858903
44178403
42460303
52651819
131664069
56394613
128852315
125246147
35082265
24311917
134051247
16847659
141127683
15126361
16965749
76041993
75965929
15458209
80540143
29216213
32298949
138416491
80275613
141298021
21653713
97757869
99778201
44079849
16759029
77470425
80199665
80636127
46600571
120064425
133743139
105029337
76913295
55797877
123282427
101023207
2531627
60743417
462433
95730493
137778325
22457759
5031657
91545247
31596879
30262599
106756211
126209707
20287655
62466855
73473173
116655583
60519815
50002753
104139361
126462381
56009593
127487711
6991969
80301545
8586175
33272621
4244113
53396927
51536411
24249893
22481899
57957725
92612979
48355009
130208277
45324603
27679009
54654749
45196001
16221591
111806589
86173381
278721
66345877
113553015
87497933
82977129
121462053
93910813
129604491
93015047
92055501
102928265
29493555
105380707
101441673
77316727
119737681
30340359
7532507
52466829
2963729
21890555
102717641
129513807
20491181
41405767
52077297
9115679
121167819
277285
10374475
75972125
73502117
50977557
3158875
106299619
10590637
59561071
7249711
60049963
8489501
131980505
126852643
80922209
37978927
14545255
142247641
17858521
84452311
12068767
84668019
736887
28755101
124161947
108344837
14920151
40683773
78530705
49276555
51555291
78165167
65459365
6141743
135891875
5497975
86544663
127978045
136267905
110345805
28587877
74814245
121066745
37917571
63720559
75185605
113598727
87433991
17016009
61133951
84920687
3398531
120405461
91119507
110260065
71571331
49627961
79107171
108968719
138583621
82971221
47140625
127534487
78968745
107704783
70198273
64044399
57614709
68646273
46689809
31448461
9824915
4760063
31648521
58734801
141504167
84519445
6759299
36222721
120042119
93042347
85735295
49346199
88487269
26532459
135783045
27069689
49025923
19625643
67162855
63868935
20543705
99860573
106190109
129879299
141765017
88641733
55856259
119321531
87607719
61014061
105071325
33865959
43362051
132351511
51361099
46279413
53774089
90750841
113946937
92834123
34307885
133132679
49063635
79458895
104198673
46806985
5691393
31947085
28325629
55637375
3695987
96938973
115929385
91565955
59015075
20405597
54529503
71502711
77959829
89932315
67230815
13582253
77824605
123054719
29777839
59515425
63221787
15824367
88902971
69766545
115024301
125195797
79361521
66639525
87120105
26619241
56139025
94204641
99749603
33639625
120935079
103514751
17133041
112628343
2954657
113762225
134059115
7231895
28576789
116871739
21638485
38004633
29050819
69717515
102955007
10042529
122185649
111446707
19046083
52347101
133132491
34239283
116905457
18963071
115444977
3609775
61720271
24097611
72137635
87284293
3914495
42194193
43619289
137112673
2088227
48384369
136639663
96632445
137114941
61491767
120525717
36467911
2408127
118897483
64384241
100743725
90697681
21577663
71207275
815767
22390825
134871883
14599945
18080725
44138355
102745207
1845819
87748143
240041
28120545
50005901
70170021
51943803
52374969
62067903
45015569
99725597
78310631
133954165
60322007
129523465
25378949
132180151
131193769
118882715
7285127
128747775
99909951
86768307
136061621
20332103
76543965
58438613
100481923
66984111
23650223
54975981
113022289
117325209
78515643
109810543
86445499
124300011
90512779
26749325
16517869
20880539
48511103
14929937
68036623
102657287
140173525
100042115
114728471
69779917
122274753
12334627
115923923
140629845
36585095
130039533
55881419
25324929
97218737
18722599
52883251
41858837
31434267
128286043
23180455
100496179
1877203
135953077
93890179
50104807
65673975
127815331
58094355
94831405
30558095
126877809
24491653
132962483
104694773
24409845
41360049
127524523
112631591
17429283
132401995
100837567
18617801
28446929
126067443
15055403
25517623
91057757
98206653
68921031
109694287
131000925
78801455
52472029
33609325
88727313
140916441
7487559
43337645
101839851
53249261
8036575
83625559
101511673
105881563
23658099
63226559
74204763
115861361
103640641
11121749
97352391
74848293
116642381
130701831
9863205
53270967
130339721
39525281
42557369
36917595
61052015
78017551
107566071
32888361
90436959
102712513
73829307
129378989
122461209
88738159
91993625
40902371
79349153
46184405
106258901
15785937
101082527
48609689
113900627
44528377
134707739
55546239
40315081
3104737
46722475
85947271
138327559
66596821
105143509
89954227
81631253
21919399
6432199
58942655
286029
74249403
109374439
126557681
24951275
14727739
79544699
20048089
65517635
50190673
95988143
104608155
83687145
63213631
117194187
33311011
94671539
63252279
68378279
123397897
85676571
82251807
124579229
26950311
42914389
1235299
82654823
88218979
8375395
30426109
81079531
30137713
7421763
106082687
134763035
14031157
94090195
32460405
112014321
78349165
18261957
65955643
3641553
112758067
10567815
52942689
52172075
81228129
111367465
104053659
27877269
66188183
4656575
133713775
119917673
93304753
19756713
48927641
6715813
65821419
94457669
119656481
77885029
96308813
15769429
83134969
116166857
101375599
61878267
38194071
65012961
61748187
127717721
105717057
7111945
135798199
42126221
61701449
49236433
99324381
135040349
11851133
16152629
46757319
66998721
99140809
23678081
120173903
100305255
95471429
107395689
20966519
81901393
137132003
16670791
113310549
134806959
28735007
133180255
49026841
66864389
121463799
36436597
75315411
136895829
133464941
50229415
67753137
50549719
113852611
83484663
53167585
31191371
73869357
49052405
33625769
24635117
6624863
29936211
35477419
67751653
70506777
36724783
79797327
98112165
41918603
100472619
142437223
68153343
50614785
11136577
8441539
78298711
14655649
87645243
112089917
86964839
129247547
107452433
101703279
126744885
124686053
59651685
141379859
129948249
107114543
118026203
52037257
33812615
1367817
71619007
130166145
99175477
44775021
11042265
117657765
139192921
15117537
138198607
79826469
127947921
128607859
36882949
67903039
133764049
34201977
121396843
76099999
8385837
67970527
81662563
12541873
49948471
132158523
117498117
25460223
135378767
110613677
23043931
85635015
63064449
6952111
63504083
117101131
114959639
64281461
112312471
67193189
73113449
112750547
33476241
101795749
139032693
105483951
99072183
124940665
66752649
101851029
31094199
59610955
94692971
17137389
9658873
92637863
69657727
65581765
111024915
4047915
70288341
127588771
128485131
68499493
100634981
130279053
90081639
89933579
16762733
66612745
55047367
117263053
7304675
60738527
132000733
2210035
95352471
57250441
99644427
61845085
48558677
70935135
124742429
119131457
37215781
10547341
19469687
86395955
1360409
58758001
31243565
91257337
132119851
109894965
104083305
134714443
3324497
128509471
134094183
100472329
76329859
115868367
41431209
34673269
84593779
102763633
134378845
97697187
118274153
52621025
55729249
127437895
57064697
132440435
77250553
84134867
73282905
31918647
126264089
50714057
75957379
90576121
95828077
100221557
66905281
119195115
120473831
29773051
55625415
41664743
35367867
25220461
55906559
127296445
65630247
121251417
102696387
68605557
86311869
55748893
42068235
105830099
51465315
97922797
50046857
107305705
77243787
57347947
117555441
70199615
64223649
118297519
14522411
142432039
17918619
116060699
8512341
68757039
5475557
46618039
35345575
45503507
95959247
1917383
35198015
48655977
45912037
125333089
35962985
65210931
120156157
49872673
42976223
14092625
97990627
93333553
14494665
77919659
92897621
113011613
103655505
78411285
138068673
65655867
101767999
114759435
12283059
16154481
100607089
76785887
121550387
76223561
40028613
122648511
115000123
25918167
43936425
25069339
67035053
11781775
116901257
21165065
44753937
45713819
16840309
106558681
76921239
105749095
118960101
82484915
38411227
79381809
127395325
50250113
57908497
41227353
93382985
93272009
42626307
13326193
26785763
66376571
11110367
78782261
83207337
115810457
99817303
125112581
59118141
131415901
34034271
74133721
18828769
96678105
119798121
22064895
125634475
103768319
68692015
131405393
13801363
124870313
129248029
16991859
118728111
85323213
27629133
113704919
97073363
109367769
140663433
30653821
139819123
30323801
91757409
41581907
59144915
99391417
127887165
85421191
63697393
88335639
7380877
100019203
23840349
113477791
127763375
133449801
25535053
121446775
106385055
46327539
47398081
41897547
18249723
123442601
28294553
137300825
27870357
104400923
97256207
32393103
46962487
59618833
65760985
74644263
6464585
132857869
52104517
138228831
47184617
38737797
121469115
53656797
127661949
12652051
135918103
80407617
81342127
53930737
85352033
78124263
66222527
9214929
49692555
126895047
11478543
109627079
5865525
47175825
13216095
97356381
125298785
99419455
92489761
131597179
16071625
23870157
574965
53664921
71601021
54061255
12136977
88539935
34293239
5691231
121808727
119293557
2436547
113568583
45058967
71441545
76816715
124021877
29132363
81113769
18196767
132990531
71996375
129887611
79623537
72187653
59183363
36851413
28182559
14708781
17677383
100976465
17873287
97697177
40694947
12819653
14515599
31000837
102963311
83786823
57603981
72483975
97074469
121293443
34328415
46589855
111835355
102246541
92331247
104741113
77756137
90932951
90818241
41957117
23256801
139404707
17241933
44542051
49613745
118531777
112339619
79935233
60362989
100120481
32620353
38050533
123710585
47044855
36434095
64755111
64397493
82305455
28591459
122551323
118012529
96060015
71624645
4926521
67690283
43353131
124933397
70558279
100918465
1320039
68292797
21228459
66527243
87410631
26135641
51842787
53495237
12555583
36759843
83344501
99354299
26780783
12158013
28470709
30453193
92919161
86519063
46301301
89172597
83446013
26206387
105399635
1485363
115360693
50654701
69419559
106457835
46394467
38870309
101668341
99754767
54653891
34525411
116586789
2666095
129349593
52298915
76770189
86587857
108243091
103225109
90692147
80354339
68722651
24799537
98356175
63265125
59192503
66337833
98169109
44854011
17219597
600597
127280415
76039115
89122951
38395395
75724319
15598009
131823355
131701017
21949659
46871143
18322855
101035481
82358269
132530387
137135513
74197141
115665343
127862385
118984287
76654055
85020021
73462781
104447331
109846835
130131253
76901037
28072143
114254131
70499449
94472531
29764743
123695545
4555663
3923795
121623973
96341391
2609213
2452683
27748331
90939351
74606823
43432413
105474803
130561467
106737687
132118637
46653049
75119993
61193345
30475851
43029127
116516117
29961791
47887171
94454047
92665343
120828017
73771955
111509837
136960707
113378663
49590027
10453827
7941121
131560431
14776523
17392549
1185165
24275113
56472245
76835261
95282289
47355565
105671473
42862787
22601165
62880685
72003099
64790217
106258911
10319609
42059647
126929667
13110757
108463015
71864881
101766607
84466451
36363167
112848995
56489153
55659271
18329135
85557281
124051211
42783967
141386559
70639843
132143733
126926997
19711299
113363831
141192853
70990553
7894675
8228543
104121705
35142887
74747567
141724751
5438947
128321353
141272617
139525235
32995045
69753873
6508795
106978845
51375457
34602675
135943569
116478525
65906059
42282393
49679535
76961729
99899727
30206895
109309057
70917015
109042625
20100941
72517615
4656417
79800049
4912575
19472695
30450357
28337137
124279985
79449777
139151123
73448595
66176219
71964405
93864337
63537423
52586829
40429317
97872709
62890939
45912441
45708949
141934235
85289255
142254927
124256331
129627537
53342193
104701907
27235989
14456193
78566291
71388131
107468625
56866205
66275983
78478027
110444575
36439711
69890289
36363251
81645941
118593921
10526189
133608153
130600423
57866639
126260833
50746301
69704183
15253579
105516481
34121963
20172155
122648769
20247619
73737071
59111851
66025299
60946791
106195559
133459625
68454099
17737247
71052727
2350027
55351499
53729431
63323879
63526223
125048081
139336907
106977233
24313367
96115623
26227215
131637527
114967719
18424405
137255043
32391935
75308629
38597625
120288363
13394743
126263091
104767109
116889089
135403149
37961265
138646967
23169543
69949233
59614809
138927091
23113269
64070451
20281393
1694055
130276427
128385667
94175375
106252337
47630643
97633409
106355953
53247455
28059547
90864161
19781237
106710901
82067931
64847609
73861649
29126221
28600121
76866601
24379589
56432797
45396077
56292793
44178449
92164579
112911477
109981243
33847645
93722717
90913985
70199507
98339101
90837311
96086035
93282979
103383451
84616091
38766265
7483669
89019031
19368941
69829893
113071157
78079047
129523769
45467079
5192805
95437585
131050249
142177273
73655981
49356743
2875275
121630015
85956921
110021277
95296511
141579229
106039231
131088207
21245813
77931693
127610481
113651787
73688493
129934619
129692409
67419693
43431631
101866099
110707925
93146145
31245129
21179985
35248539
33396713
75761321
6771007
40883583
23160705
141876367
106031091
8776481
19498721
71650767
62064607
14950785
80280067
112877815
40063021
88130657
35917735
131396985
61919437
27380493
83171887
29028443
45970287
118429765
29936947
31127687
55518975
11199533
86334917
105332499
104734127
134781465
51783815
8505977
129657733
1453387
99652435
134081219
21167909
83606903
29868999
80575011
131773577
133232471
55404101
129322831
67630031
13123667
102704895
134960305
86777411
74578337
3366263
119140091
45404863
1470263
21169031
74070473
45594949
125315011
51692285
47854389
40214265
14682035
93794187
139112921
22098581
76644995
133373105
110786083
131317895
70245053
117193307
67386147
139666621
26045249
98133805
81921279
2565899
52173161
47589187
11742383
69687977
43093905
28537345
128871471
84079649
17154303
78545399
64305723
122725227
48500617
12370199
70577307
117475439
127110127
30616865
15408583
104366037
100438413
14897207
131538141
66903897
103044493
101537095
137326187
103752465
30102767
132853569
3768119
75098853
43015161
27916771
234295
113003637
85380991
66681321
970873
65201573
93623155
12720157
64216591
759009
721149
98311417
70944213
101137491
94605053
99516009
102074245
104097919
8014147
23447221
28503685
118391009
45319835
55218131
66474497
89388813
63918853
97375505
122109205
71654529
112157403
109997271
21600319
48284605
22874299
58753147
86319901
32737099
137890177
139129273
37479319
51023811
6105341
66398065
120390211
46290717
119556843
63340877
81382763
55664997
86445507
138056077
47161713
14562099
135778823
29379807
124968525
91725059
141927983
1912537
137948757
11991365
53347371
130964685
53659631
61656333
117200929
88430771
118533535
73190423
23338961
131758913
125474811
135290367
80791573
23257189
11549839
95646797
89246603
66490745
8514455
18407343
88765631
20750175
107597111
94821793
4331891
102137975
129358567
72724319
102951713
129004833
18160425
6074947
39145017
91508641
85735405
26507231
122186597
11161275
84691351
37364579
107436653
10090971
105579505
81958703
4493539
109872669
9561011
129363243
33461939
107960343
72299953
53280661
41886627
117654165
89155063
113417293
119522801
102700993
69159065
10245017
55593501
30768717
81993793
33541615
34333411
56436869
30580113
72413379
110903099
95325939
54852985
98420423
64761529
139840173
89007709
137089921
49402749
107744595
41460849
84559465
43593039
127873519
8268569
75364555
59655577
44915439
128129101
52499073
50080875
90013185
125898069
22040315
89250869
111692663
34901429
94347573
54738373
113731957
30902485
79422619
9257719
130977753
98152733
106607603
117508945
136725909
133266059
132260211
60388621
88224651
139702165
114071495
104075383
6521579
93056613
113924771
6398397
305939
35830919
32849253
68202941
112723577
12142705
23752055
118160943
92833445
141234951
6463767
124790051
116508959
43155271
52462335
82241217
61866821
84085521
46256169
136746797
20765475
64974819
6014573
1407225
89214807
5352445
134012797
80489733
108068477
104163885
10854869
119369237
27249799
40761691
122379983
67005961
103473463
52861117
80877797
50695185
69033525
114333637
87878699
66213099
48570119
59320293
46545705
127964337
112738659
8004509
69955363
83738729
104601219
68632197
27061537
39871093
439151
96077453
4466157
106256215
5975419
119601561
6047027
50141489
51561965
1479063
75727769
48057569
106793479
75842475
91128679
49577461
117671925
108817693
57641817
46246971
19207935
81435379
39337807
71760037
124272783
78339007
137501237
101364795
67442331
69540197
50803627
8094143
107022175
65678857
134198197
75420905
140724719
26608215
30409425
61416403
77289237
99400097
69084445
121736131
99988579
95489139
36367807
36320829
64759869
5319021
48691259
62870311
32478551
21674021
20828021
102266767
134955429
124872479
80434063
38553359
64073885
99271065
63261191
74270711
61690883
109273481
95408341
77717861
57589463
69434047
86122435
131593037
9573525
85418645
6774145
62227135
53396343
70214375
85454067
73523485
10717771
656005
121814199
137920869
76091523
103025541
105443559
120830989
61024195
7214859
93287535
48472547
28321255
38807645
51081035
110899209
15852465
11918783
125633335
121905609
24749583
131194605
93862631
101241535
66984225
139475739
4529765
28089479
112123289
71312327
79138691
6946073
118621801
92901271
44072071
129991307
137376085
131251189
65122653
49540459
64172593
17538325
35189843
15442461
125226925
83756605
16043879
33819633
28620835
122777443
16035539
19822823
23724937
49046149
15222537
113142839
36062975
30023671
141647083
138891915
83481423
86056337
79876117
25123913
141291743
102607653
15713677
27117727
97378403
109959841
73450655
68200225
114666799
31287601
93235237
27917827
142394987
58394927
31700101
72853735
139538607
62904903
38199025
82351155
102742817
24990469
92140161
98261821
43477899
142286155
103294203
74604929
139285769
53192659
115427477
114203193
32891975
66819519
110983781
24814105
17560675
86406407
121125059
27362001
130203105
45224205
137798331
80558807
136948393
74454829
50874943
8613373
51973455
130914747
131343879
123773763
115197541
68305367
131594897
122536407
113727407
42051305
113666551
127770957
108758683
88189755
128846417
83105375
19906301
13787173
46005799
112908923
5385385
45377911
116686557
121846219
116981253
34661841
13787133
85220089
32604307
16498403
124890073
27564003
106309953
54851699
120294595
40870141
48510609
75308285
69797935
85935139
90589739
5037823
43689393
42311747
19915079
16720217
49241345
28048711
35677713
86204923
127768099
72139701
118784871
122772927
35693817
12147575
80703175
90279901
74825773
79575249
46409341
2953931
79004055
64387993
38983671
31980495
22216207
103902425
24703645
67292613
57831803
82531665
128085581
18708055
110506719
118533823
82189899
2736489
63507783
134270781
66852751
72694801
124803479
2542673
83325289
119835139
30740329
57762265
40666721
138073917
126980733
115003523
73349147
15422425
92719325
68998193
108582787
37128399
92281305
123202511
109777555
32963209
66406289
89536829
54372413
114625067
29172549
52580469
121141047
18497607
64274911
80702519
52924697
44517147
81769541
93471857
137428877
65471911
75374577
76353833
32374879
109184899
42530519
64737553
81501859
79195399
92654059
3151811
6300085
65244873
140479971
47037285
98088609
46270223
21503675
18837851
41984475
4342811
12136799
16043635
137295053
44982983
118679151
33535009
18450969
41104391
95475651
6709949
1400477
129527745
117380489
86302061
18742193
113259419
75558505
50772807
9085203
132397273
135414205
32637313
31092767
103864977
106624923
7741135
24092417
119764387
104511079
70740567
72001795
50081911
59224675
32641107
116641701
25207425
31580503
63890353
121007547
7158111
14266033
78985811
97222891
101246125
125312623
58519369
16887327
64803779
141096495
46187769
80402939
3494759
108183683
136583557
24519397
10671223
57746575
15509779
82940541
60481115
18768841
117959193
35623169
38274807
34046659
27159741
85762985
46535495
35545831
32241989
120231283
7216683
101192269
66426693
2688831
40825293
24774751
86946663
131305611
86628975
123974207
87309223
19464843
102163493
25572211
19599959
69252049
134453937
32673883
77272495
100495059
108746513
109028255
18084861
117532063
3322895
85388131
50169309
30139819
48202693
126507167
102193139
83362155
140345461
95008303
96751655
86973945
113630583
135965677
118806081
6834743
32165621
113777417
80354455
119261305
117468399
95295941
122788655
33317955
7887223
68178059
114312191
129590147
88497751
50419861
28367095
52840291
116245791
109222019
67999427
18877817
34138775
6565383
99905523
106973079
32455749
54042843
27586799
51696143
53266069
649309
102205269
5777209
88783853
54143709
123026285
105509439
24592777
20220233
28952373
64194715
84268787
43401171
133795553
66934283
72685589
63306445
90917175
40715471
114842633
103162157
117764799
48178735
29182451
133469473
99853943
140612359
9727583
20426931
106525043
53049031
61539659
104383609
66304757
130404019
125829345
68183431
104628991
44710933
109875617
44328745
10284373
133324565
114940327
14958595
55597121
5906747
64394389
46807717
101983933
71551395
103332809
46801181
85206375
108216297
66348803
142303157
81592373
87675403
126032535
28327667
45843309
15158977
118421741
120317125
131101251
84766073
85576845
8488119
142362161
47236999
35644737
50874093
49887085
3969357
98581301
139427075
111974729
12939725
10532403
106909749
12197449
4289959
100702173
4512107
59380275
33773809
53058331
109705831
126247987
103832635
94903269
122963321
141297703
31386797
93895283
71178511
122833295
138264437
35948075
99150241
53883117
53776817
64139911
3324751
30657741
88750713
34282445
29976327
42586455
9857455
86587979
81422571
59328259
132996365
78575491
91536007
42051011
141667761
19750197
119189655
35341241
36566043
101995609
43726117
72685615
105807119
68028797
124248909
65909035
92976541
120548839
88221925
14656893
12150033
78738899
56502531
6397807
67875143
38249821
119039653
69675407
84392393
9864799
135332905
5639589
54638383
21056285
60425163
108516973
55144879
35847015
136502517
34607765
110911091
41887075
120549235
111069143
141228625
55520507
59195169
96231415
92656611
110285937
56172865
131119047
93455951
42682303
73611927
5300389
26067249
34176581
64997669
97611003
14839713
103854527
39848469
35354895
139014749
112617393
110165721
101922873
18414863
68802305
51084949
52641753
9005697
122925989
28854467
103637853
116024703
36880451
5952009
70708637
9503649
66623229
48389675
45098873
123059779
78856389
135679107
64066013
69494627
77604959
17882355
94564507
134744669
52834791
83536931
87886853
25661619
139141111
42229063
26509259
113555409
30813145
95153279
58483301
14479845
105976881
51253407
116205441
48556855
136918405
21659095
87613103
97388789
104989911
97860379
8438205
136696249
104959769
32927367
3004337
64706839
16787587
82525663
22728305
130274367
107674757
200411
32306691
63455559
77239391
7519673
95912761
1604113
129274501
77038171
73275241
26619433
131467477
103975779
29958479
136355411
30333733
30131605
99755369
103261655
57945647
101147365
62014725
123565999
122182007
49418365
4104949
23573353
9826193
126067425
121310749
90451891
133520101
35320315
39250873
17339701
114977713
94803821
10614599
29015327
104254169
56017079
102948125
6811651
40240947
50516593
102587581
71158457
40488711
60941573
68502649
136049823
125195207
32673435
59003721
82809921
110314619
31347951
22801637
120454199
35186787
49589913
135808015
42562883
58306811
58529123
126016495
61609689
112658979
45665803
16786849
176767
33774625
26379017
41298615
46948801
4262985
135760815
37538317
102724469
86275463
50343071
68874339
118426861
87506915
94735597
78237931
140573201
28344109
2033093
64933245
102781463
53585385
140023517
73232447
98491353
50246829
86776309
36051337
500913
32649219
31570291
59330727
108802297
55193207
121910231
12557303
43957531
99483793
122536813
59999391
39806911
108430487
54293057
51978137
99817881
122734639
18645409
4642745
49087987
47158263
5305099
97761807
112631293
141983877
100763285
66972763
10710589
32519977
56784285
89238859
63308813
35377885
21269359
11677525
33784105
24600039
114404815
50449009
28346443
121378643
42286677
54512175
80527495
52374867
71552521
133969211
92090165
116560547
47693483
117540515
17466537
117350195
6274741
68515649
53538309
44769753
41193383
29224007
57981355
64689007
17844773
110177425
68543919
135308031
18865851
72466283
79274619
43726165
105957017
2723409
15090039
95189075
96782419
85618599
125209619
57783295
36622913
98096665
35794413
21120845
95137175
95824139
37406243
107564937
37382931
25404503
3612545
84299485
54387843
34034479
45089149
22509027
102216085
25316485
65621735
17831905
119444831
56569213
116177257
126176269
132966217
58017825
49795681
86378109
110952675
71527117
8463741
137347027
85967291
115877867
9459781
67417663
76256907
61143409
86852035
113157467
52865215
126277583
112899879
81999517
127863683
65161565
70972869
130407731
87441029
86749217
80746137
109983417
113930491
127958829
58023787
71359471
33884987
94639875
80731043
52354365
126079533
134229189
80314639
106926039
59268501
21222099
111340493
44178917
128629099
13295867
27696489
121028359
91493993
131194253
121539835
453227
57855263
105936755
41631863
44754297
112567423
133904551
59224875
138976099
64640809
127392439
68623379
131116221
83918637
46162447
123615143
115465223
53697411
26205021
40704571
92585601
132851275
82995479
118568637
130377235
118122169
140081
77163929
44331353
72442295
111841937
56417021
11373513
68405119
88289287
69735023
50764227
38711101
65452663
97537557
124865707
81913265
29458891
25859403
78445703
30083555
9411497
89943393
132092563
59450861
53602819
86317895
9726107
9185657
85466075
131232301
92198533
81345607
85315685
33014873
60583331
11298315
39329329
6128419
1017769
16604407
66759775
17023121
23187517
69139447
140365651
127476025
47255153
31863243
5052549
101664615
132807529
114872903
104872643
18883583
141975159
17156583
101827179
135723061
111534085
12896429
34805639
96557295
48699521
77780789
12801193
114890893
80856991
72648123
52563637
11338415
9148389
56302075
123701791
107767113
69113999
33993005
130613245
32816595
66959821
26280899
128133293
110322081
71207963
138771177
116536271
142324151
56737787
96368641
72111307
103736685
3814699
21578029
96294727
49541843
36455733
88256265
94204851
104321109
36387567
90864471
125309345
1040209
102898055
19976861
82197585
48869725
31727965
58579843
19442595
7414699
14123251
9359497
136680047
26380673
11590439
50288169
65427339
23146445
46472803
120630081
95182029
33129319
18232511
89717697
14758425
90547733
57959029
115233101
21865015
69729495
42442727
32345455
91438081
49010361
89492393
48789059
56014869
15424833
36864953
6662031
140901817
17426553
69398691
21782499
128808523
79915837
79015485
10416373
88083335
53703493
113827817
15551561
48024947
77299577
3125683
12801249
137860501
26121253
23678445
110644447
66558631
95137583
36407249
92389669
26554587
6677193
66929739
10935415
83558133
8875853
45496971
40040265
82330693
36200969
119811219
60545239
4238195
110324193
47183143
79162379
79369021
19888925
1199991
113489415
40100177
25432553
136590865
3244421
95835613
63305539
12247055
139468769
51480933
31682753
62588543
30798821
29699837
31721953
37501691
94760693
11855279
109129301
4538129
134293625
142318385
26920687
111962905
76448863
71109277
121580467
15109537
38812169
76460873
33196395
127945495
139942551
54692037
33286809
55857087
95155159
19906005
129450081
8640087
86207699
66554575
140773241
89889055
135497005
21256459
22912879
62897935
129667517
97310907
98273541
137581621
84422139
91597647
45875865
114596427
1368817
126887681
104097551
68045045
126563205
30841975
95653033
33513357
70345227
122759469
116194359
80969429
32543853
136715629
101657039
133022241
94501959
51556479
22595629
138512191
5182547
137702021
41170689
113324791
120318017
13281775
93673157
127304399
111845631
6017557
98364075
105365929
17337987
30388167
93808171
29724969
95681149
20965271
73343471
91916789
49137677
59762623
84297195
84540353
18544095
114862377
27091237
19313297
115916579
10299915
77670817
46886107
20908009
79852165
98324755
1610449
142150743
54587581
54767421
26888347
42181
96187079
84907071
125942513
50858225
247001
84427597
124801269
129044547
24185197
84491395
108002801
76690633
66921131
80429427
123131503
28871163
12914699
122334141
17756013
20042753
5871935
66480999
27419529
64429133
58536825
129214715
110649769
49913949
50752345
7658519
133189553
70383435
6778027
73633689
94147303
20485625
77101789
81365927
38702739
64561859
66050691
122989587
24911463
13467927
111902523
127926507
90221497
104707161
134530247
48392551
33371877
58926527
131884615
76287705
61853567
135817961
97348807
134973925
43674099
69245565
67640515
7128583
86761951
10119987
17947203
70181555
122478977
57452615
131222223
764365
19775667
72908519
21056519
23800785
46877875
35708709
103774421
38825157
24970497
113267887
32083159
34648115
113009769
140368493
67641027
32953823
15921189
128563657
58361035
85218037
1492355
74002311
76293955
97311525
112601919
64458985
105133007
162287
27872665
84664407
54908087
31774543
112978949
51666905
128696031
118220629
127656019
140108133
107502863
107659143
88215755
135249001
124371837
3796203
96067669
5198665
39949541
3092317
56423497
47953579
101883281
72198583
3035439
58842623
49133337
8671957
58702799
41945529
26026729
114037507
103341025
109532413
29463421
91245663
138309809
138147887
94697313
15924491
21586457
27111463
1868689
68029047
45936937
136368345
117647769
61531959
74967439
11665577
19686309
82144001
134399169
126148955
44527073
2678201
55715057
31729249
12061127
104968411
95151819
78024541
78789665
6046083
94123519
96032791
3090679
46179
50255447
23447403
8695977
9958903
25555989
16487099
40304303
90483571
135418481
32923
30805587
137770085
113174571
19136553
64006585
99240021
134955571
3321661
91370657
130835191
114024759
113195843
42156107
66507115
118694367
34237061
99372751
31678443
33433277
4067675
28546751
31969929
92348585
113234909
57399557
12760911
46619807
29000383
137183939
57359675
24640051
56330381
134744703
33891451
16264649
107454657
77062195
55056737
121257027
101178117
76594139
104492229
52090647
17885375
138718877
73176905
55247839
50603841
5874513
89367633
37936639
138157145
20735967
30863759
134158427
8059025
34298117
37983195
36599515
53533455
78563157
14181103
54841307
20004159
80227653
138166023
113809467
51750847
128406677
19811959
81536403
68654667
19674647
50923293
2947131
18429793
82414609
103662725
129763293
28084543
83945095
109209375
109890209
64855077
110849397
135174317
49334465
101711325
133553487
58937775
47297569
71545187
129528759
21824939
109485457
30575313
6885743
35458283
123036445
135141431
126182369
119181083
36797131
36448045
41776349
29227113
12623521
16723209
130160671
119823745
97102065
91609197
104288807
91921651
92782035
3670573
19653469
138249021
77775773
94806777
109989877
94606251
134762673
99620647
90674287
13920053
29414031
49056837
71258857
19487029
107644627
32895151
102921859
50164491
2665199
91802241
134942179
99082231
10245801
86950421
87012919
47089655
137942831
85306565
119400203
9799457
46047711
74574009
39886285
15572841
120484287
90840997
67650757
3686057
133087389
53470483
47543787
47065305
82995409
81978413
126378219
64583597
71925113
82097629
127170873
34754923
28125005
29190175
129553531
98177505
1163017
65244367
5439993
30197267
109153311
133847677
49048497
120694053
122377449
142274589
4181593
100257409
42447845
115763533
28946225
114070103
14948275
95772975
938889
123216663
102317275
62553323
57745777
74477853
85758171
20239613
59022875
122090639
82323659
132712647
50084237
9678511
8162189
38863919
56018771
54507697
117313601
14061507
6738463
50797703
114652729
58167401
60343211
121115455
100039483
47947877
133464617
60546979
86991681
83660893
7323527
45296005
14238415
25118365
69915239
90123751
84184149
71020017
98228455
17712059
83766493
139953903
17681873
31846179
111149493
29371763
9259147
91302255
73746409
139541541
7245851
51036379
48160089
50361905
25852125
82700213
40282253
14966231
102855031
24124555
53327267
58695655
93331239
16058239
78153125
104813763
12583747
91333079
45984403
104886689
120327313
121845797
133158103
50780545
17091599
101098583
14824737
64772307
124927585
103370649
11169253
6668805
90472323
32114415
2020723
29906399
78986011
140321041
103900915
74431679
73794261
46753463
73538361
61321865
96460961
83449497
46098069
68808111
1570337
5677143
1563011
58104215
125344565
139507111
89920653
33114445
79020377
125604971
113993041
138412265
124712127
67954805
131524381
41197573
101805339
106483215
106046201
2717815
33543549
39742429
39242783
43045615
128519385
72608721
109037613
44024219
67780943
127183335
105850697
79300457
58907551
2264511
75676709
60042085
39474059
96017163
92211849
4134335
110050421
81484465
55997253
54070915
116772967
95343865
86623231
57498335
25450575
117609345
76155093
1462759
46062349
48734739
67637067
53825639
4519317
132228599
118182097
79082879
122500781
115561587
87084989
114957665
46058841
135303755
49441473
5695431
34337633
96764727
58121679
36146921
49346005
105030075
72908991
50468353
63135053
78716241
45069027
129710357
38755925
68983243
108345895
30828407
136517807
10822183
3859141
16034255
132025957
82438075
95378313
15786337
38122831
44556485
75189173
31011247
5364383
39214299
50674635
21957479
29925793
74607161
80584997
19098115
92623319
129024999
122612635
966143
11374611
33431649
134815783
614921
137670029
9884575
54964313
41850099
51361705
96136799
133136841
101244589
118883123
132693329
128715845
8922819
53130009
23582657
72691023
124234633
80980131
119654027
67303537
56267771
27538721
24816885
6298781
94655921
51159857
80187563
6939703
77983557
12022617
57323589
38244037
92437513
133748781
70237315
95402677
103403519
81011387
91854393
30201697
88326667
89126229
8100359
91617741
58040697
57389579
72033719
38119221
57633867
134950231
139223163
141181241
120485145
85625999
103721557
68679705
55549763
71479677
105578007
92130301
131855075
34525365
27502821
29152863
68267191
138444781
48079151
30312059
39765845
114231063
99633339
8201225
33242281
106968795
46804651
37243557
51406675
101607699
34439625
107103293
39920395
135598091
877621
58863163
66868055
1207593
109102807
78596505
67148781
35740345
27625305
94958883
30756149
89186083
49015437
114429437
123355555
68104701
14558167
82696393
594535
10067071
103886795
131687523
43033589
95615401
40787509
48603395
72451639
61629563
86704197
25545389
131255363
127745151
19449223
935819
19491391
77772945
22123987
16165701
30201965
22217195
6565255
46629621
82680899
125356661
126142863
14510523
1785491
27954105
115130729
104161589
22771339
45161231
106525131
89081749
86653159
120354085
62228693
123171005
71814857
66808339
91091813
60243103
49350423
58361865
118843535
98251811
121429821
134740631
103187611
53160535
134886401
32751363
14209061
48736719
5313357
50301367
59177097
53604513
68878151
8296235
74082381
34064423
110716921
23495691
101253727
42342937
3717833
16285221
44430409
22404995
7109913
35738543
65938287
141024091
63648503
140785479
74136503
104587615
67974841
12316483
28811665
34186609
38629853
75807777
64843821
134582757
1765027
97106567
11981715
131463567
55690053
76218457
106365243
124538347
128255105
11297841
40560105
124499325
138145991
109486751
39982961
32874603
38730057
76474343
24612295
57576929
102808179
133601791
81379149
25000635
8923015
47100839
105665891
100386055
114002415
4190671
80437083
87415251
131243575
133500625
79365287
44680815
37550631
113887421
49632219
89583697
35210061
13872467
10639461
95096055
135338871
32038957
8865881
117070863
70301487
6790695
37967863
141244077
69764851
14421049
88817127
28423147
17061917
34373845
103455953
84206957
132181137
129028251
99862897
22424921
138540661
113635493
74780517
51755141
69734917
21148489
42196545
6702885
59706629
106786497
33933305
112485217
111462445
36567069
22356971
95450103
71368265
58975429
1763123
11581993
86175489
86633963
42176963
108113287
129914767
66153187
35546721
119200287
28414839
30101727
49152639
36108247
20751325
19472669
96174487
90910205
63151509
111410365
80397639
16723629
2577379
71270207
43483763
110152469
108512393
75322113
111184247
133557867
134724587
107031571
72874489
46694011
44025123
46303395
29983845
39737725
84345671
56029305
39217529
63124765
35200707
139856037
128826971
132687109
73635515
132556201
80848661
18737407
122961589
80348483
72146313
66053461
128219807
32419001
77253485
121259261
101772691
8640925
41148663
125426115
42099603
48139477
44075133
113489349
57513725
115022625
139480853
44079703
61748949
34485251
133651899
53098507
43688043
118754459
101405449
38358447
109615301
115457867
81504997
30946113
135006107
15629551
60671885
97475639
126261813
63853599
140412159
85516705
135797987
52167287
793479
13501825
57333601
102655751
4531653
129419623
95161281
27520471
76519475
58401431
29186257
117855253
79800485
65220331
123633785
37610365
129038955
121025747
133418227
112831895
74403703
103389055
140155799
95206025
97639747
30286821
136083657
14941563
3848981
128346361
120126125
108411915
8557145
33057
96013257
54783487
130856903
106992397
5741447
126466773
104090195
82050117
90496573
18556949
8190687
82730769
99127735
104338177
44250315
94571727
135619341
39372895
110024121
30417513
140479799
7177089
67811583
109245353
88657247
114851947
43522999
54888045
85819125
116931153
98126749
45630711
44318829
122082403
136270531
10520149
128276219
23461933
118585515
115753477
121223369
32195469
79727285
12889645
59909063
30696243
139409025
128514697
72119813
141795857
72276973
10812667
8910591
58195189
34052273
117575913
129582233
91965619
25036625
99208495
104265705
12508083
9999345
73454291
76038289
109755333
33477337
112061839
123985571
23755293
47236133
2451539
88866537
116284285
15113599
96504147
23196497
67271459
89461209
40423047
19960871
26767285
2276897
88419381
131276115
138820717
54911011
113583181
75760317
41434771
11302237
48118713
51031809
81937875
21368157
90926017
86908757
70499623
12785399
117928205
117711969
35379361
127876107
84444645
63290743
63609933
40413437
108842133
8677153
90494921
17572609
79087391
115911003
24920571
59142017
53530865
138265093
68669207
96235877
84536627
109756587
49354843
57750015
134810123
46322947
81572789
32085869
47291397
105075845
517639
49798165
1769389
59058105
63788987
132821093
103045703
26787805
86537747
15145151
122498171
121770633
131668621
75316293
76542335
4718453
73753871
113441207
8823565
84863803
53348605
132741335
120088449
68726125
61683127
35757331
75957377
70386973
131721297
20866909
91426687
66030927
124392519
31392931
84201137
28998027
106950697
88573681
58392397
21047365
106735263
137347235
12885099
93557605
57941809
60497001
13045311
51389331
69591437
28370639
113443849
99892851
103684491
140284743
18221005
102235389
73197585
31069309
126927301
123880065
14251297
12150131
53855497
45984933
51453881
116432381
35826663
62913001
128601219
116966787
118040465
50096599
135248209
68397297
30110187
82882439
123321801
94710733
68945473
123796505
33871703
63109003
52453123
86519885
122499191
126972953
130666743
134262567
105341355
55903719
131395151
94485489
35335033
18858167
95635677
84415635
129834173
38246321
85271867
32849777
41549081
45881343
130845301
57698949
36838181
55770427
10953605
58685385
25901417
13055293
45910405
25273397
88297137
140520863
75878991
131950789
45907009
1215047
55386677
27585941
95706121
132104475
63547565
63948255
55529205
46371149
136583661
123522695
44580991
78357999
93952167
114195903
20425637
98051025
91181773
45947977
4439555
130848479
66913381
116146307
87832417
80813021
127464713
139412153
71038163
32336653
74154789
121371271
9738089
103286931
128403913
55138543
56759447
1269215
49869717
134527055
98127263
139537337
38125637
33975655
118394439
116854995
3987861
123008561
31885669
82721835
134053669
137270773
103242355
124907599
129461937
122046709
82414231
37309049
27825935
86591113
130211921
96904149
76800031
134259789
2308301
99103399
112172997
89878025
53611671
11669025
116393955
97394701
87713221
16708455
2005697
37397939
134548265
43389233
25024143
83699339
42786437
90894755
3758411
133239367
2364509
78860291
107302887
41167215
109891775
18247699
44036167
75087853
111187219
23925017
101259367
8022919
123573231
58508121
26995331
104509647
82014917
5482245
88878089
39121907
61871907
8405497
27972647
118729339
113272553
15792485
5289327
49532227
61253761
125093667
124270023
19782769
137424403
114186717
78430431
103032373
73342249
54652595
138532933
45311601
62902573
27514537
57280381
9341177
5976359
62360269
55653731
43990117
51035909
583797
68068425
104757075
111617585
63596933
19293387
84830357
121468877
52488759
27000283
13214339
70997679
81305907
1717345
57015619
24604311
69314181
5382191
22535599
139386437
3158037
34356875
27828693
133403949
58721829
79345641
66881211
74227051
23820947
103645653
74844067
18431311
25158695
73265515
5902585
136330545
7766701
34543377
66307627
128760959
57587099
129585907
11599091
46097601
71105129
44224587
116168489
119449819
137832835
6101869
114490765
84269603
87797423
23035513
78111529
89012241
84458767
8487773
4844071
12200859
23580301
141636957
20014895
17637465
108584427
93891709
41433389
2340015
52392889
78322389
60076115
33903717
106721509
117499153
142228697
50128801
140983471
132940959
55237259
22554091
72153129
30887337
49125187
59723171
120156065
57851731
40474029
104738263
81209857
117838087
7059841
101935177
24906791
82991489
102239889
29263599
26997117
108219253
28045681
10225099
48818665
119076959
2778221
120921569
29699971
68567611
114525271
17785933
50979781
107077831
93264303
21494435
50655283
33733325
113858671
24378311
34279469
114328593
95360579
26353011
40583179
48319347
61508985
119321001
132186247
22196813
1387715
60953823
23933359
67070503
42294813
91653847
10402483
97763997
66681781
59058099
32731235
47479385
108255141
136646989
58609781
69584315
27975755
3529533
135412311
91735919
116463719
134595059
6153331
42429663
2438313
82246069
40497825
101032367
28398661
122119621
51082523
75073253
137716811
70859325
41765321
124015727
54230349
48349485
89056083
114115053
103615617
108405809
123975225
117929809
20918515
95103393
121252081
48054351
56793919
83376355
47300585
128936917
10551837
54089707
34149107
124743857
68832433
21123425
72301111
42089797
75375001
2437033
127698355
622205
8168451
13432891
74760139
40479889
24740465
52244915
3494733
114112873
112906995
20020315
98542835
27591465
41941805
41858695
37801333
11988423
4564455
122819011
69309429
18654897
62479627
91852123
111998601
28829003
80573835
65171153
79557685
103447531
79257585
22938011
119118397
10168453
126358755
93547839
17748271
130866559
68788069
94902655
56596263
46027849
27938649
127237669
126452903
19990473
100712565
52315819
141845043
95657893
63412529
39754233
16234153
81478813
78644479
64868219
54500793
32190609
86128985
13496861
66968249
60755579
52074521
33806613
115014243
140046715
78785043
2507951
135452717
3170929
60036035
55558285
106107125
75103285
123762973
4459069
90213739
44358487
23011711
34057
138016855
117409515
9777683
13763833
52445025
24751447
108355611
2814991
74906745
126014581
66096235
59739209
4838909
121702787
140417649
86477315
58242589
44577925
2017005
37979893
70488231
11346267
67457595
27399971
86606963
74164303
115649813
85346435
7571825
100476527
83677063
26635203
90226121
44650685
33303847
18122513
70994847
97811681
114408857
64585959
28396877
20108073
38572609
126465541
11274875
80654027
7789315
90162131
139122263
138090905
136423113
56075587
93272075
22993329
107257635
86311347
34301961
39793975
137778933
101621919
110265203
88921143
125388211
34066603
90453599
139049569
36533659
24708495
82899171
102535097
126481491
110995389
118869153
38062681
21132471
25608531
127362123
69350971
38497597
62821645
133250097
28111503
29450083
68068309
50676809
48121967
20521119
6294933
133873787
130059733
108771391
56907901
134501515
63904241
76205355
38342847
333117
120497387
12652059
19848815
28485381
57307957
137079779
1657115
33298555
34221129
140651937
92996161
11069277
47366355
23976985
134150715
105092017
68135483
118411673
72071559
53398037
134243463
138084185
69793701
64247449
26573857
124493737
89295555
71052083
29268563
35266683
127653101
2670503
68668095
53067081
133607377
7058837
4743519
90489171
59790089
94999865
43383493
77644219
68646423
118100527
127315879
47479821
24115675
140568869
6710721
122782241
20577577
98271767
34093117
31832673
75980861
77420465
58668435
66763163
118677741
62163887
63908229
59399833
18751567
24039293
18169693
74220419
104431369
86166011
62833205
10991655
3823501
100645333
120780659
124725367
28465455
137868547
66075883
58079751
133402899
136723167
53200655
141975847
62992269
33056117
114997439
60725305
58734467
38109315
29208373
88956763
54691151
114151225
84251491
70220197
20443287
121137887
48560933
58883247
63155359
94063395
62423269
66974807
14471015
89800603
42019181
28809465
128705617
108607069
59792175
115686675
50330245
50624975
42036049
86078941
65014067
127825111
35676863
20575965
1662561
141071383
576113
52634217
54297477
57504557
45407351
84366057
15067539
55453459
72161727
49463475
102095417
85604425
29132927
19984879
86509545
79300097
137901197
133823197
130804019
28690825
78587953
118390597
32084797
66666631
100107577
110803255
18822469
46175825
98935651
120166773
33345199
21379897
130937117
117189045
48678979
66231603
11761237
2117219
92835039
68712233
79921597
83508909
88054313
21464681
66687075
14672499
28159591
119764787
141908005
72372265
63939575
11911609
10338687
5617379
98844133
58468079
137720897
129337171
22553363
16364965
83882229
44018687
117947873
19186109
77265165
63663223
25781765
84347517
126558891
89628325
120406141
73106885
6677895
47598625
98370937
98417923
54200785
113826221
75197543
91977015
25468801
133450007
85059785
117896565
36848451
26249965
53354557
35461313
99473107
55234831
34317179
87138829
95869475
7622509
35820457
28214129
51382119
28831505
104097357
134845409
127602665
83373881
59423829
118135879
43961575
82631827
95515335
46510027
47673459
140914433
20733771
76746843
416677
80115207
141292271
22664203
82457587
110952571
7848169
113238191
15554965
127920341
71231863
142163389
81254637
106055521
36339211
58206435
73862075
138201211
118574913
32260977
80876449
89683265
83472111
113520057
93879933
40225663
64496939
130506185
13985985
9659303
120646047
56125547
14164853
136278357
19882489
93909653
3933247
109472527
103029647
28241769
18866439
33425569
6293441
106018955
137504987
114140419
121998063
56460647
137344825
133712799
94276101
64654411
141544761
47466717
41476953
46048223
28069697
17888901
40272855
12056629
23945961
10200267
81169463
104042171
32654397
67408035
58316781
108288429
41839367
82925531
68294839
4971153
74587139
93775013
7778923
30179923
135411849
115398257
22016045
12013059
94364827
117919621
81237021
49585369
24979977
43207983
79700247
122439853
85402215
91752551
139467021
135794675
70776339
98564825
127254817
113663417
109486821
49185927
38216559
608897
91939799
83698025
79701279
136165493
95929083
27556429
141335259
59016753
76074229
122304925
118141583
27404749
53448359
35784387
141922121
135450543
82182485
40431915
77830135
31884799
75916475
89530827
72500067
44716503
37889499
48298953
50994861
2225249
960963
1041149
137334715
85597219
59183519
398683
138356289
112705661
26181347
45616069
79267133
59817291
46318603
105749947
3092741
121970071
128929701
49013079
83470873
27135921
19537211
65923263
119736325
10414807
43583853
22873083
129008189
44501051
96847421
58915799
141982461
130212621
106315735
44412363
91992751
51389827
57480471
129770465
9253381
43251251
41498457
108716925
11884839
47047199
10680289
129785079
92421323
47897231
103190209
108575645
56850473
42912371
122187593
93270621
92160469
41064417
88498881
29781479
19074713
84868101
44879003
133871803
23261791
74475903
73070331
7726763
50195241
86076193
28573723
89721179
135398797
30596757
41302175
129823203
57165219
41767441
113624625
32225497
104006459
17840951
113715795
55454051
74998589
13047633
64897385
93921941
111438103
41331669
86856381
132680929
8238561
8520479
119289241
10427105
16320779
34560083
26517977
40431495
72289823
68326425
136545817
141314505
66683351
119113007
98975435
107942595
8580997
48317953
129283185
28627731
6105789
91742657
93682119
16301899
63649651
114416227
90508709
65318343
24713087
8693785
81465101
13505329
103383677
71422609
54711671
50388917
83707375
37763625
124963673
114023649
135286693
69248031
132062763
25731237
113601931
124368149
79620265
74919539
142438449
84682779
22197561
65991777
83682639
30162785
127308575
27659783
68698707
104134427
56808967
9347173
140655005
11989465
127603269
2074967
87552755
22168117
102739541
120807773
100736517
4324777
9100395
79818013
13006395
134175223
102174285
99226977
4440497
4682957
125701211
109228787
42496013
53238727
13172993
101891895
62233191
32189579
70004441
2352979
58315943
24609809
18495807
137565115
87451431
112192247
70240099
55709469
122761589
5374375
117622697
109171241
128484559
113223439
38278089
78660221
55960977
106134763
131334359
97018755
15815599
75931307
80178663
62549665
116510297
28225375
35953125
76341589
29539165
89234031
129646949
55374285
125245819
22380119
98554141
25539465
566531
70575829
64769595
97058773
99376321
48284551
96517681
138259185
91042725
102649259
90246003
57773923
51649489
19153071
58368281
141522563
136233639
126950693
126901207
122735505
84868383
11963653
102944653
10886519
46534837
36617965
46592637
137764459
105808715
19630665
72121875
120900351
83917523
24870167
105965243
119951243
42422473
51115745
95596939
64482933
42756339
26620099
128546311
33341169
36559923
78506113
68901397
70751259
109449581
51993303
72312203
102636191
18005945
131589419
12311293
72493157
21367343
139767867
128876955
59005551
112324331
27851611
47039259
56964485
17287847
97475997
123281701
82262601
89794573
115428013
32778865
3197443
95278265
62419333
5620535
116232103
74897383
80228899
114436603
104485457
12355489
75492659
30497797
77329345
86564651
42101095
85171225
98180551
32864737
53791037
38504539
56774809
101096535
85934559
66526265
128921347
17819365
127368993
41907995
104402089
109944055
134763559
100016299
64406973
136879251
68743081
15555707
8032241
18099905
88826041
126544739
76480691
119063211
86071491
131395051
140167959
81554891
129502425
137916137
25329095
54839533
4853677
23592367
63549375
38796061
51204737
56395575
31571591
141404997
58682903
81545667
10000983
72481037
111389151
109385521
124746037
87611089
119250913
17461055
9240969
10730603
137004865
132536833
108604461
70675859
58828955
38198183
93641671
70314709
23548863
132834811
30004923
59161641
56088289
53917101
24284085
86725073
23459271
120104749
20086365
119958919
2974533
104656867
95160669
90324619
57408069
20205783
132520317
69176365
37145341
117986155
89302087
51469147
128639811
4966345
111223861
134340655
122113329
121834803
106701007
84274345
50393465
26758695
128735479
82764425
128861231
11308557
99673395
130335935
79526545
129027407
72447453
58382519
52969955
98991371
112888847
88052481
71764101
107360283
111264991
87508773
142086981
48415729
64217047
84776805
117917071
19360979
70994165
117259871
82657109
18388791
33561599
78102335
58260049
135498209
22239885
20289559
136851743
918541
5281683
108761481
14426219
27073199
85164091
104702913
51060521
141253517
85953347
10745273
9179017
86178091
77727273
29959327
94564223
42941027
42740001
4607049
37512635
125985527
121796245
80280307
95883041
11720571
53645253
41915113
134065049
72989647
26187173
137036659
24448675
3024729
95245263
4891641
11317437
93308489
135801059
23370793
74861685
8379803
138276533
130718579
7637475
37917231
45770423
69389273
124101735
71145111
26505811
100961661
101305143
50108557
52098875
113843363
76361833
12883891
22379873
130266655
71601379
8228301
75261655
36518421
56907499
119951933
135535607
41731589
28331145
32598669
141690825
85745819
117588095
111821817
124893025
96972213
63323935
115662631
25340509
135200161
40762835
75437149
30238051
119596781
314029
19496665
53319967
67680583
70033157
108471611
104773653
73750155
110080197
28056011
117552083
105130901
1669827
114343681
7487411
16210571
3025277
12558787
80397005
83056271
78300253
1674481
43050941
71420127
95343271
100544193
79583191
135695967
106947681
14545211
74204531
130298611
135977235
4675417
79094985
11142243
142299747
26116533
15061167
121689539
3370463
132717367
71589137
136446363
134018193
19306245
35762141
19213783
138140235
117230021
665151
112872843
134297177
5272015
4678373
97189609
21177133
19012115
85501869
81122875
16325219
103024347
103350833
63029297
60702231
56643221
136965097
44812945
36654231
92460245
59324785
46852419
66181341
65697173
40295219
67266969
51091847
70111447
140700341
10322827
90123205
95467747
86472109
99027929
141206873
81826871
141438247
55685857
134805521
57807249
54178793
22106425
110655345
124280255
40389555
119569021
25461361
33413467
19700525
42043919
127289005
71345485
7138121
65953163
104601349
138751413
91306167
66495263
98576523
76687541
63252943
112839007
93751239
72274427
46977071
131679859
5150401
103287441
104111759
30760199
94839239
128171135
57247021
78498859
34591065
104279683
25667887
92670839
55687729
68656663
69705779
36825177
65488773
47109227
88934425
105698045
10276605
114594389
33797089
108913989
103576803
83848181
126777259
79562217
135541221
54456887
2587297
134145673
35225757
92337109
17053741
33121885
18773449
19673931
35927979
110030543
112072269
8270383
126497931
99023813
6694943
75780839
121978477
19205665
116284087
130267043
92179951
136919285
13265193
79176737
79231035
43238731
62191707
69731401
84402369
56733153
97692979
50600095
66488907
32161379
77206735
90097995
101168625
3649571
139070333
24123413
3305487
4898079
97854577
88483899
23541229
86747205
98684291
96621109
75483229
99140399
107533361
113617893
110354121
1234085
34870431
122745259
74561683
58086841
20318947
63807177
1906471
28440035
88517493
88595135
56513219
130592899
65726411
55286825
1951587
75988117
45067403
125932965
67863251
68227721
71309153
55994953
106838899
7874405
58360463
33897009
104194285
26241053
94539227
13061549
44745107
15045531
36644677
107811209
14888663
65129101
2312079
23756683
131182707
140825705
127342569
73609689
83626119
133722913
88969451
133926319
82066655
16638011
31585011
61307969
29892781
125291123
128839121
4802789
122716807
3108009
46774935
46600077
94272717
79536081
67290457
54145177
16934689
86534811
83865117
7426129
91307335
43272537
25309225
29881993
91958395
85148635
128931873
17290011
103114377
9526837
60207675
83173481
116596195
5296461
12958331
111873201
75320797
49205981
7558567
111353509
58752099
128266475
37192313
121127995
51369045
64170701
111203103
75662331
88830203
60696745
112513555
125079215
14435323
103754647
135402305
3905273
75960043
91266107
47727253
117836695
2452883
133733689
99383859
72490651
99537079
103152849
8306847
18436265
122679123
37653357
124835523
6619927
106045583
127008487
8053481
107265783
45835121
57439981
86970337
61206911
11508477
134114303
68173547
11879
47991379
23247199
59274489
117624557
135298081
32826899
131290869
41221987
12561495
11254951
35272493
27654913
94728359
70323035
29710035
20456337
120184843
109093683
82942925
71242989
109336771
51174827
73520375
107433591
8925877
17812853
37750817
82325927
130248457
107217221
97621545
101223037
31608437
55114063
35311457
7385739
107229405
16188807
71742899
53553961
25550769
110794903
109087745
112911149
30346387
114855711
64845603
64650331
110427005
4255729
36530555
1167629
94309567
9627189
76946813
102260125
126211843
98638703
100591851
73146617
98846327
29069337
121902637
41370659
136202097
141973009
72318879
4081617
31311051
101435501
118418175
56866025
77194567
26342247
6454675
108162593
125707339
32524123
82578141
23274081
124451225
41081011
34746341
91672013
26080779
15398737
112696211
18415083
36284295
2765217
84997831
33968687
136322743
84404365
67033953
7309073
136222607
125491425
130341747
58590859
10556459
6721165
33352617
33430443
139639113
108069213
18351077
57257485
26201067
84819407
129738549
27412447
127646695
23904619
134757873
78039585
140367449
64539229
139018559
44615825
74092447
46905257
5906077
3204105
27722181
104442217
92478615
7841237
116705963
24638703
60349789
135336391
28912847
15282927
104052487
18560267
104338129
107956039
37673591
9185861
98014269
135105067
744279
68223325
57276537
113613015
28027839
58927705
128136555
98474363
134113879
73489163
19737531
5823961
105561513
6194901
139505295
128231521
67510209
140234883
15395775
57594097
3066779
94153679
16383367
67597857
136642651
94278525
115740187
66283141
22086499
67852747
56367173
43935039
59138955
14544357
12788049
102674353
3530127
4599579
36771421
129080567
959257
61148163
3037343
66837339
24968523
47485983
76244111
101748987
98041687
104438991
99381461
46425607
4135629
135721683
104813373
97332243
47641149
39524433
110308215
43354041
56391625
42311127
2194697
138467701
61048581
123235381
19384509
97101281
72684635
3263361
21963453
101755987
135716113
43421433
71825755
51382189
59555625
33660101
49902855
80566817
75526259
74565075
40308049
98131611
124712763
81725703
30559229
21349331
19874395
90688061
8646939
54992185
77924897
26479555
134654805
134611365
134361755
43386113
100781823
78703067
10943991
82971651
96362897
116402599
72210013
97904007
137267715
104156365
95540627
59655417
59344307
124865095
75849989
103761239
140483757
83633071
132869353
65518993
29736355
127613597
36274489
132519493
92140851
67976197
12276591
132709897
64557555
77006783
95154167
24629659
42872583
32524605
4803619
111885509
116053321
139052009
122671325
82038347
118920149
81636287
100983727
40696511
142421131
56106269
138252203
57113725
28305825
117928951
15775831
58217177
96420289
13531049
120510111
81728235
83027171
132078335
89619921
123164811
38935719
105968685
10261875
82234411
31368641
140743737
34181447
94687611
6780649
96395527
79602395
111742547
109584153
86138965
83769715
3856987
91585945
93652181
38498117
69536541
38311181
20214757
36424715
121649127
11679005
6537657
32153059
103210845
70937891
99205759
617995
104545135
55719557
132918461
27322211
53663503
13402501
2084861
8385711
140459537
122543537
16667045
112138579
96399581
21637155
140078059
130595931
100851059
127779425
71262595
95782907
21546919
18626357
125172499
113378115
31589339
15356935
59968055
23693803
31735449
35989507
6854809
59787559
90517329
126501697
141240361
103128069
46053555
54618721
125475293
125081749
132048929
101771061
5828813
30193525
104123423
119662041
137937763
35311945
137223633
34098581
62290735
116028563
132927717
123262607
97065387
126196091
64338075
106079253
29864167
136039913
108913449
131707775
94000817
1052261
72726253
45760657
48498865
103491983
20719679
59789841
74435835
26408437
21984209
15670387
106828581
85352263
25812309
127416013
59199451
129993807
109949393
5556317
133942011
96061311
32414031
3180507
127462229
54410235
30091807
50819969
3946155
32712553
107777487
38056739
63255361
30842573
39118983
88691593
74627671
91008267
79792983
53019747
117615917
58583477
70212763
17017599
141837595
44617783
34951015
66088909
102962431
12537197
14359215
73174267
69347811
52468459
40651821
137914109
65222911
26982709
74564785
43120791
107400887
84117347
127598933
100575163
107732869
133293995
121237519
83451091
55048207
142331941
78732103
1102617
110059975
23638073
17217705
37994427
19080037
63561437
113828959
22485151
88360349
102044041
129122517
127276407
42250777
42806539
48547395
3770081
73862103
102443887
70318777
86382575
86643507
25987023
63762557
19197251
82273125
46890387
97319069
138590331
13743289
66908429
18677983
20998561
56929627
55615897
22208285
57640665
65311117
4819951
4614211
46157659
38560323
5496727
93248263
2052723
27743251
107107185
32345007
98064691
14802369
52223139
31457997
45111191
47143503
101051235
52622125
101838751
52534865
68643487
123983611
39880909
113925065
30059677
106573583
10349825
119255891
65467191
9738557
82863991
50818341
119694117
85085787
106709167
10814805
135494325
65441731
1169997
5651541
28900141
10311979
24065841
39743941
27021699
50600649
81354785
126965059
73381271
23166515
50527573
69077807
97387803
5603623
126426051
30021389
18741507
39277201
139301123
85647517
14208393
27110643
52415609
10086651
41212593
70907349
32275329
68319331
54847543
34581397
20309643
132079323
89452725
78740115
101455201
8321131
60450035
88450841
110253465
97232029
49372945
17759533
26966157
102026999
81027577
51885805
98096387
141985667
106355613
112177707
124031715
25403223
119770947
26794581
139803803
64139521
21890271
20798569
65926199
118646825
105215585
129855979
55283549
29174123
114153941
20475613
31281991
109051529
40114725
110784567
51652017
31110379
94595093
100554289
124662737
17564057
58878101
43746729
124443727
127077319
102930981
118701835
19883933
74733477
49732147
139661333
121094895
68408975
121573487
19329645
30174841
102455521
136979897
103022631
105413677
13225351
81162931
29806029
92581433
29634817
104072311
41920905
16924139
125720593
133194065
55609205
5990953
69282587
118214059
62239139
46241069
11678035
37551281
25055985
35677465
46941777
77694547
126971521
65337767
76608541
107460369
47206623
94439787
40109319
57743155
95674079
15837203
104895965
72306501
76515691
59488903
36280871
77260587
131475221
118432429
84450385
60249141
117070635
112070047
113231805
82978419
118675927
71377459
63988679
34491897
104831009
121423245
4139013
115969463
108985639
6633291
117451647
58445931
103189941
123100087
8390647
111224563
124774439
6306611
88883417
91234213
25563855
124456409
40923405
118297565
119316243
111308527
87739409
127709265
117669305
42352155
18197595
79846529
86941791
71281561
62986019
78541823
45291845
29222329
123281297
7732125
137215819
28761073
38887643
67317923
13930875
26985785
66032187
7177501
89000153
105474457
73425729
136500151
37630745
22294955
28164425
20678257
116598151
76042457
120724565
97215735
136087813
116034347
111221105
44812503
35181185
21396237
130135661
87966991
83572967
96295877
74466641
10448611
63526339
30830021
80432215
61181041
122218213
68295975
66062645
94771773
6503517
102100251
10234661
113560793
55268965
15069083
89977489
39936345
100448837
91899329
38594583
88800681
79908659
80928609
11678175
121552997
29005477
80325939
55915811
64932053
60013975
65440519
115680417
20452417
110730607
44030011
68601665
11409781
102669949
4210245
126592511
15003749
37773175
19601623
2270693
17574519
129316945
105416657
46012555
82341453
41970023
133243289
111672971
43135003
1808561
6868469
134909385
26089293
35322557
94500681
17023797
102821061
102314969
132028847
57917439
131169009
116486383
34682531
11164645
74712949
136116813
56169607
60382565
51000001
19439563
95572461
81898337
17349563
46137815
70418905
18957565
127803381
69497341
20631917
78762419
85130367
140517355
77775117
83500763
139664445
126993305
135518491
20822663
46587577
49531253
100400531
14280871
81643843
123475139
96782641
21258905
6451783
46255673
44841051
106359823
78942237
66222175
62839605
122972589
48886613
139079593
86847897
116919295
99315123
72204649
77055819
86481461
884421
26462569
18995683
96928907
50499087
39198281
109711895
22835385
67539509
134008409
50068953
20023439
44504225
52230099
53231501
78286975
39864567
30411957
87020905
89808941
1541369
113931693
25926545
27831443
106132473
73348013
61029449
6970655
1969033
13546009
132923809
132603025
14864295
70596995
67075529
99980937
123596943
10985121
112971819
18721521
38186013
6116559
52720221
26951529
140972449
45589677
72244649
105978141
73799735
117593387
33507171
139692569
37908743
69418439
47336275
17516305
86573793
55530871
64976311
29718771
18060415
40971987
8281623
68441509
57289317
429373
93183947
7499563
88586301
80832089
135459767
104821227
60349789
118177137
101193369
16833519
94405991
45557451
79855997
56864711
62690639
96247345
60979651
61860269
32620435
62705757
132827053
32186709
38114929
15626825
100052593
118731769
4943889
77558165
37991775
78207909
130071695
106584601
60782285
142334265
7143315
24378261
116703363
111914445
125149617
78792555
107603827
69262697
28511341
9966185
138268243
137670659
51028061
56698801
112452157
95087165
135158959
60742551
58672485
96700389
3477777
62514271
113936371
132140939
112031713
72452819
17073427
39247689
38883479
30759569
85773321
17033013
57036695
133351139
71856611
11159025
105397239
63810913
64318563
124971249
66503111
17054923
117848065
35151083
24534949
118523707
79189963
56065287
134581825
134056649
55136431
132546011
112469415
88139827
58903755
3288163
63543171
105298617
91227353
120760433
129040555
39864687
90758671
72553087
10205219
94908095
110472907
15883977
43022221
106420553
87070113
16681233
44004759
79239963
62913923
64313025
32953483
75300221
11903743
6199985
136147573
82259107
117109817
135877467
43426725
140985437
92897115
51884705
14513557
43805279
69267157
33659099
112367085
83931599
88760339
17967555
85653867
57240957
133298937
125981067
106059005
34327837
24775139
104299301
36644803
86801117
48427155
100813223
42540025
126531547
10227157
80879057
14635817
113288315
99392895
15703313
33271159
27043915
114891663
139097841
118206989
116059205
134738655
126808753
15493943
118323875
102522597
80842473
87246679
80878743
38267943
92678717
77785947
3830059
89792245
83946791
103309487
9947205
86840561
29929403
131294789
128950919
119962759
110645555
103849089
76260659
38973025
22320953
40996449
127198595
141185761
43685405
42202353
131364059
29962725
126692583
45888991
134107535
23136473
60113961
96677563
56234005
138670027
135982319
83252841
78243219
111082413
131408971
130841405
140684747
169725
122918501
22671843
79253003
102051409
9764063
61152399
112237867
137492073
127583077
37832059
141055513
15197421
41292565
28155475
3997529
51740087
6303321
69638577
137314571
116866783
75066527
51195645
38408557
80234787
32036669
108816693
133450063
95564987
117578347
57994219
102332467
78648429
116904477
37001721
67089297
53688623
30946305
3495533
129074777
61861593
19507627
7301543
15748635
89503927
8545299
47946129
8615847
1802145
109798743
109874937
59235693
26263435
114502311
68506531
49819455
36091003
104684699
37695097
58474897
74404669
92849523
17288501
94347517
9783459
17405791
11137881
127465593
118607889
116459999
22612079
73275183
82624045
35157491
54506735
63538667
101093091
130282499
889345
128806911
81805539
72816019
28087093
130046625
43780165
42946855
76412697
16889023
65875057
5850983
112540297
84544709
28045551
139432947
63708449
64230879
113526805
50736883
130866619
126391971
19606029
9453291
9698481
102533367
121862305
116527603
135951307
10007333
15537497
68925201
17458135
130647631
92073543
87041747
25366657
12444731
122170399
24001189
41823743
86292481
140983659
123997931
24604581
15127671
136050335
108858003
119500073
28293081
139539911
136513261
47414657
42495241
34863823
4507445
57780531
27458399
60786967
102888787
46524349
137142905
7116565
135712621
132022777
53044403
45057019
116476531
4012899
21744179
82271167
7943913
19403445
109972771
57110005
46545479
136359041
90499563
118195603
16859771
78232165
48982615
114468651
117521327
5298005
82609275
77869183
133286509
15218049
39209435
40961649
115101581
96640131
47433377
48566881
72727687
116839629
106498639
95246745
120659853
4758505
130701117
47292277
26353233
74939425
114796449
119358985
63112451
136711023
105097781
74530691
30108285
63993285
65259907
129997109
67827875
140525155
62712183
56797577
130773241
15215697
140236057
122406453
38755669
66021547
56891469
130009825
57570347
135471141
34543179
66506861
103525275
120431063
35109889
97369605
118814021
99801193
21689037
123128553
1395295
56428325
60043739
137289485
13525953
96080939
98717143
43133211
100015993
13084967
9697059
98856177
55668823
51828001
126257091
6477005
117023277
83893703
118218813
14683859
56877819
75750689
62838769
54343797
70093627
107463573
118807123
136710713
116253961
34637395
55003531
55905647
34958375
82793925
121309281
135831993
102810637
48814021
41445283
113930907
88393179
125461443
39817009
45538447
64667771
66265873
125374593
116697733
113203525
72724213
114384313
78260905
135798833
87907891
57189373
115710157
96096375
1163625
36100427
98550969
19237301
18377763
7250189
58694817
44497819
7262845
104771235
81202455
49054055
14249083
101341167
16580323
128863229
39458113
134244983
118617507
59304879
26797619
15163929
65116251
24557027
50114703
57551141
116720741
64409649
78253233
60246701
34732791
58798103
63488065
54250327
72224889
62188593
73954479
25654343
82861029
54993653
105557573
137604667
109833375
89550329
106161287
114204379
107338381
50988279
82831443
79880135
30343161
80971847
12428793
129362201
111656201
9558379
122818069
95168369
57480597
110491927
68171027
63315943
47059517
38120787
141531907
31909975
117281897
133621777
71412303
44587605
140020585
109583387
141145815
80553313
52436481
124078961
116131135
23606125
95254797
44081207
68842605
27721629
43283245
59343279
99483175
15789117
68247621
103942815
7878081
10164569
47650563
125364469
53441541
41771661
137079857
128679157
84607333
6938159
132635693
52136169
4380849
130012749
76162363
38192039
138544875
99423257
100633205
43874853
96297797
77121353
34496237
28300589
138465423
61897079
104561065
84505289
99385529
71525083
93648079
7336321
27204735
129522235
79629099
64614073
67471399
70059563
24728731
27401061
127561815
30825085
73038677
26023713
108776439
79108617
18725371
64759543
63774073
83862865
135334155
55671477
80584525
7428513
95346411
65547959
118845745
92117901
115321601
91463983
101618927
94491315
129795419
109574149
22109795
87048421
64503871
3808119
10036161
124352287
59702435
60536585
21375965
44672865
73037661
124198205
110622261
82810671
63962709
63688345
23277937
103034945
59417965
44769763
49423691
245115
132569087
62248169
72432019
44599893
96090783
36580423
96174725
18335611
138020973
126900041
44455937
67339357
65302213
121941981
59656413
56381181
7315919
87816247
8324165
46213749
100308515
15504725
60068225
130691383
35395961
91874949
96421733
66569169
21530645
77893459
45511739
107377497
45203545
31627757
57394003
117223001
10383157
117744593
81107653
91149199
101396757
92623643
137525133
1944425
67362499
16734463
133990703
45278831
138277651
81544967
109741843
14647199
36755873
103723339
2891309
60102365
31053977
129532915
61102669
62365103
99471547
139038783
118892767
101931845
81249275
64761129
140373337
59690633
70274065
76263843
132808241
28991109
68846677
122925717
141787263
14048951
27981989
47068327
26058961
24393553
101690775
45841245
2968467
8610333
130104041
4414479
137999043
95723249
28292379
105671123
18521159
44941789
128758009
20186405
101472183
16141487
14663961
109055959
133182333
39192699
18084129
107893391
91945077
35548495
85443669
117511211
46083281
16908471
51249417
52661091
30219921
71243433
46965805
44873499
114233577
61505357
80885807
128156021
43785883
92091979
61626955
86830855
142195435
61491867
73764137
125403163
35407619
102673687
47178459
139354773
69295801
2018121
71261611
72093373
15786287
37065161
3817319
123276593
20787623
89227381
70847153
121394445
132531049
100691647
54269473
36060497
120860087
51638057
57110255
5822911
60437715
33464429
44961683
25755043
66582865
124119397
123179295
113488185
122680159
103483783
114180125
119086651
23752445
62606575
122963165
74417981
135296219
124291301
74209473
36813039
33636533
4583977
14516639
15975493
28616155
5065621
82021811
134276965
137192199
87565827
123193765
84335847
141028179
44118503
54903863
66620143
14509267
78219331
51588901
25831495
128778271
84068373
41655703
17972677
65721361
10813047
68596617
135831315
13134627
16300887
48819731
21827833
99813771
55397529
89151075
26258465
65976235
18738657
99213173
7116737
25014523
101190281
86676443
53041017
19414955
30020145
32366945
76803665
120034821
26741493
110803183
36752235
18331661
91327411
50764061
40194711
30706527
130746001
111990887
110638963
63191363
102134467
136319791
20005601
71001539
9333079
115386649
108747081
15592815
35539475
58067317
49763271
129637631
129124655
82361631
117236281
16605229
91932721
5354167
72112863
13395339
15665735
26830239
13100901
112033427
112169995
23898395
6549375
1417947
137778959
94287601
15598167
23447485
10805191
13122033
47898963
66939683
7181809
126863647
42114313
22220993
95532431
120334553
115996743
93891421
66013597
44492501
84723023
24915571
28062429
88222669
35218535
73481991
72347543
96702111
74420005
13423723
92221045
67939085
37076223
942939
42725005
130368287
76240245
45964909
32128519
49800463
113132627
94472709
58739827
61572151
51096445
3924445
6335669
16714535
12060997
62755255
135929397
121174227
92727269
32025001
6147831
77910319
42808247
41375093
64335605
82396307
95687779
15105727
104875371
8747409
89382991
75913725
118763713
70539165
130537709
95021511
99390511
73787321
86059691
140168471
89835985
5575063
27417579
94141911
55175397
82494985
4027999
115393267
127324961
18762777
118127845
57717453
61924311
45182585
111953113
10449833
101120327
31944155
51274629
25930437
56600155
137854789
14148511
62456001
94738881
140611357
124556967
7917117
7942781
80914333
86950513
132849139
75468657
69630429
140742943
75045535
95058713
70180785
87315875
67381585
22067833
39687997
57881725
112993545
123826387
123489971
67735789
64021545
135410727
81838863
21514451
71752353
52346707
81973905
13870085
78716653
35531331
28453069
114407087
20956317
9733871
32507359
79980227
73363715
103392903
57314965
107931937
105890679
77019871
17264703
89054457
81759951
116377427
40877177
35257875
92695871
81423201
109218045
74567117
67266243
142313805
113828159
14274643
3210969
30116417
109111747
40326185
18829269
68239675
89516977
35571435
132055071
82321433
76920475
78655593
140842003
3684929
8649267
41401085
127833753
59694203
59086027
33006587
97264879
26384833
4759495
127592661
114541727
116293749
24597341
120085119
69351315
60046271
1864723
87396839
14561035
96177837
79035317
9465675
68780991
15623643
134888559
48968433
57718183
32672201
135917495
113844213
48517307
50783261
101021033
137666239
129211747
63254107
6195253
38341397
59858821
45854853
1402939
53448367
58356203
102347219
29485575
57299865
64529587
113803577
138748041
15836503
105676709
21500897
41578391
61011013
49592021
93990007
10641423
74054231
110908283
47446187
102766159
82496469
101492747
28055345
17763913
110691363
56676035
62605035
46083697
33421289
120142657
70987399
107293883
20678111
142329623
51423279
137107279
140870225
104753959
44657737
77473989
130785813
15380141
68987889
69371749
18960545
13889759
55925301
119913599
15833205
67760279
95524279
84539641
118689445
1836281
92181445
9473767
12436741
27392843
1601931
116835775
103583341
66246087
132036791
111477749
112794987
49509381
66317545
77343103
85591589
52224759
78739939
71727403
101959893
123384399
31313831
29834423
38074859
123923991
38082689
33991785
26459055
99538355
115234077
1775805
43314445
87470401
109540255
62717961
140481797
116832611
23233457
96512897
30012905
61825381
78391685
19732809
119634379
95545793
31584619
10259497
64556867
5242911
5639569
86720701
77688881
92837365
129803047
68573005
116919089
48406525
139436719
139801863
36907889
61539153
35260997
123781265
55775807
32014419
95861491
110838867
70106893
36520259
118154119
130386801
131236009
113722677
27761389
25269149
141402545
3850579
39118681
85597285
137458015
122499407
12954287
74456363
88395663
131479383
27883157
138840917
40407237
59852809
95331107
88619335
137422515
79899293
4414869
58127723
128860971
36379793
133368755
83264045
40694669
131796151
102800635
76382471
138958019
50095829
7759099
91821317
109083545
129795361
23060259
118352211
38828275
121555259
82089113
934201
60086921
109120723
59065963
122213223
110444753
32804955
129968433
43248211
136782767
29442005
75571977
59735155
116135611
67602607
10155077
100870893
68773711
107806199
60865769
129505039
21178181
2049193
69979997
32056003
124049399
86545831
140905247
114607891
130673211
93376317
69569599
18718827
44556849
24853533
15612093
36408843
19788955
131481419
137241387
55272727
142380481
74206405
123744961
97580001
85742061
78698067
33697881
5537771
64453875
122422077
124081153
97763215
122141535
115291553
111293417
67720939
8274291
12658619
119154597
91094285
135120901
17152861
66461171
100978945
136414925
104215253
65493591
8580497
67425051
127787895
45392789
124681263
64726019
44604571
107382771
78490009
55438503
81455539
26835691
38882467
42454187
112964837
93882859
1541799
111422607
68820147
86170113
12052189
117230823
119324721
11810565
114185885
134825805
72512025
124124651
20132027
33585915
97211313
60495103
93033613
81952811
112495907
77507459
55693397
131106805
79324597
74936087
90118165
89045119
464439
7535647
34517929
69300595
44915421
77118253
141060843
678559
86105395
8283107
109343009
11057607
134654963
91522479
43018067
99282923
36094339
95096281
12860109
31439451
19532771
47121555
109744603
99385403
22705335
110180231
131364253
24617659
32407627
23014593
114154181
47475347
130093383
8182301
79492915
59572829
74734531
34308697
105980767
135395969
129602651
79035359
116122871
68700477
84984157
47015211
93540757
57548747
82644173
7123767
112937207
53231249
131059523
92876069
73041253
91441051
27104377
142219721
83825691
118389111
137733667
121425027
89137679
118918091
31557443
14616091
64692811
11877819
110939303
137775277
22224679
140290809
9987365
129738973
95678263
70284241
65599511
61338473
82562043
59559271
26850939
102926133
17836587
121833705
67141941
31382861
67380089
11511983
35952527
132058335
120169351
137326749
103154775
24044669
60568827
9368303
88006791
106588065
90426093
107579249
132941241
85296489
136370997
55494685
37492451
130566773
22526439
90183835
138542995
115901925
35753315
25777211
67483371
118810337
96778035
99529471
18209487
58878683
33616339
27508733
83545255
112813879
87101889
10348499
32970603
66742783
24934859
41441873
44029539
97905679
134854033
28356353
76412675
137193411
84115233
50615537
34874593
11286885
110818649
127464617
36114867
124426961
36459027
67340663
54852845
19667961
103646233
130742179
93180369
17362457
645695
80039699
77612161
960165
12576647
27863221
120509505
124184383
31114675
52686485
131701759
49152703
65258957
67679521
123692495
3146943
91810543
141312155
111325543
25741769
73331319
36840607
75242981
119687057
82796199
120788555
132844817
25786893
13696969
25424973
89267913
10153251
1410119
140894491
36097655
57709033
117504885
7720661
111791949
69888035
141312007
29896105
107930017
93116473
52289011
27364161
16614575
137233963
74198527
29773343
139681029
49966565
54460261
117013967
961751
19467717
52939701
40300669
54838517
38812137
101501095
3129351
11081329
15157689
52771875
139214519
61034329
90281585
101251173
121606917
105275359
85154869
30634163
109235339
38324905
43977579
119334459
116070627
10483281
23727611
67752013
112405257
29893261
49550701
4181315
14838263
55271345
57894185
4501659
69607035
114998389
101234307
110284041
122656377
86146079
39050775
106716897
46241437
37746633
11591
137364521
48997829
124446645
53363839
59021097
35844993
139078083
51857001
29854259
53023467
88387047
3050897
77584387
6451649
1585225
70282019
41073923
136223885
57452949
25786679
109201665
53226095
79233905
133072753
44901071
126610419
74842129
48932793
121674679
36083787
106300019
86429413
134190965
88789649
116201743
55357235
31622875
43671757
29906197
59057725
117362019
116940373
123062201
59016495
101305189
108317071
51672691
25444845
58005745
126113911
117427301
127823665
22715757
37932685
57693147
43326541
40756167
89104279
84555419
142005079
62748127
116569757
78260735
71930707
96581983
23995999
128898149
115331383
75024631
13398261
77925243
62997859
79505663
17290915
99552765
24952881
77952905
104832629
37713011
52153167
135234713
127125951
92742683
119048897
121870171
131259449
105353459
123704981
95175007
34729539
48351607
89279269
58225649
25059809
73923463
28711739
7761225
18958673
117070189
75333607
97444011
129811455
37008011
50102339
43307953
12482179
129753919
36461305
34689529
57585419
22217807
28462169
129758443
101146261
126743989
34458071
12173859
130416597
98403061
59586665
8811477
24375673
140142231
108451027
91032673
137501555
94813113
25404123
97858053
107488325
116452163
45129575
8003171
127240025
118311069
129294379
71335903
35466225
107948055
38197765
89672613
18527909
118760771
42940433
59582885
134105993
36774957
70174659
78719813
72555577
8603997
73622977
33812805
136617763
40085627
92472237
141115381
12366501
39459543
83316295
57527939
91937031
9073767
98411033
79814663
78249017
55325407
50553891
106553113
93426151
22509759
14755251
120144727
63623047
115937297
15047193
48018603
102664191
26479725
28058795
78940065
138137801
103406603
117043309
75763355
115552305
68441201
29246701
112328021
35207235
141265205
141265205
141265205
141265205
141265205
141265205
141265205
141265205
141265205
141265205
141265205
141265205
141265205
141265205
141265205
141265205
141265205
141265205
141265205
141265205
141265205
141265205
141265205
141265205
141265205
141265205
141265205
141265205
141265205
141265205
141265205
141265205
141265205
141265205
141265205
141265205
141265205
141265205
141265205
141265205
141265205
141265205
141265205
141265205
141265205
141265205
141265205
141265205
141265205
141265205
141265205
141265205
141265205
141265205
141265205
141265205
141265205
141265205
141265205
141265205
141265205
141265205
141265205
141265205
141265205
141265205
141265205
141265205
141265205
141265205
141265205
141265205
141265205
141265205
141265205
141265205
141265205
141265205
141265205
141265205
141265205
141265205
141265205
141265205
141265205
141265205
141265205
141265205
141265205
141265205
141265205
141265205
141265205
141265205
141265205
